-32687493
143530996
5956138
1081584
65363974
549876799
25812799
-8204852
1164900342
68899276
-887622
361431144
-6078998
27283534
221922559
334478923
-2770038
625223044
2572226038
151298751
70319254
113126274
224141206
3219276312
1635545952
836581642
79438246
722536411
9188227
507600088
85492216
71321796
98564299
525430168
14906106
82928379
198835768
87275227
91967674
-27270594
305543718
888652948
932963359
282400518
175741822
38362431
200758882
976507654
199123302
657943518
1214440138
815384443
33464464
12431766
97109698
26291106
163314399
1989279
1807790374
574552603
291352486
633657762
30987184
812731882
1120076626
151686862
613339858
1239200814
142890667
16183450
1058959867
1345960216
407654643
517027042
112740304
716490298
3058438
-5471309
281708832
19904607
16425547
93125644
285211600
1407987907
-8485676
959698
1281594652
320525854
380739952
692156512
-22307573
31149247
696452691
72481782
588868354
151538014
901215883
72984882
1183296828
12294142
37278282
145848796
11039614
291878374
559986511
2496588454
130109728
70581862
134608818
-12092306
-27036141
388236474
-26042964
634831068
240619899
533445547
720459304
224305288
53138712
302677558
1577484912
1635188056
9783856
1177427083
65649891
-20296001
482856400
1541791450
234462576
1141012276
2368030224
112140523
665067
449563099
45388534
30811834
49245723
391562638
260137984
1497785914
244650184
155997499
77479594
150161602
52123554
134285596
177613471
807953986
410361331
826421194
38032366
121114207
277133272
39483514
383361987
1462513318
768520543
-29098118
211632514
56659579
265328788
9486462
5227456
354297862
36215443
61666843
721583179
62872
534242476
-19286682
-21972266
764392207
77869363
501708
463892314
3120645342
4926144
243198828
831819043
279902806
68916523
732893236
124778200
2162302
456616156
26165854
171448522
53837188
126346708
-21674852
-28540914
18394036
134726206
1192200988
-1653812
296954278
-6173426
12818146
643403248
868965364
-433778
41816758
3246798
23397928
53563998
1768619923
156711996
116219236
363074718
586125706
925175334
71304574
1001840518
822724
151960411
784852288
187189684
1698684544
13402587
209424772
1625044063
495461554
870077638
-1452989
420033316
379733134
-3877442
1391882346
50525868
17800203
336764902
1419351483
113998603
276833998
10147422
798357432
46873074
133836043
188572492
384467314
1230389884
137003344
170874916
667083843
165037699
540562944
416896366
-16439084
178370344
2219982726
1338392998
1423955451
218076138
2611453842
4739779
44309698
671898232
288045979
9222838
214016779
552371727
152400666
-28947093
95542432
353079046
2516517858
1304993644
1089629308
824609962
5418046
61235398
67268019
1118446624
632130318
435203104
-7337004
-6794064
742940526
121215583
1298512692
807679
176562166
38314368
-36881306
-1302864
855712954
239892427
228635839
-4002374
316618536
3489605503
1234769182
406145986
87154488
369215467
1893816048
1523141202
199018750
2632978
330558892
-7178402
-2700362
233996587
84205524
121119300
-14343557
3544163166
-15088673
589419652
72911898
1935997750
1640883054
453701134
159325474
60823516
148281294
17338891
378717496
255963700
34844146
75746550
676109914
89458347
-15756293
372239796
643000846
55607944
-20261
40782523
608873184
104858803
2892519904
19756291
1206718594
282195142
927088468
22438468
998382412
1921207594
1542457723
-30448037
-4476102
261378874
-22117146
102878179
434589979
-21739389
62398488
-1056044
7225006
493714998
359803486
1799741674
688194868
2382474
198040467
3411104016
19763202
427110811
125565019
62967163
209386042
6567778
20610472
37881966
587680786
142614811
196320898
82295722
1018073266
-17573918
22349158
4726762
45975028
3571732
425197134
2209998675
658738542
587284132
85404891
16113708
235819704
659899651
149818566
1025832184
-22285532
7054528
479339434
12185454
6035538
1085482399
1032161542
307354132
261393472
12141162
620703802
221186271
314898384
1289811
263929072
1399905526
2579871711
313781823
1297277931
379558891
1516655838
20274502
262109874
655352904
109324
406899504
99555132
16751772
23606932
1335921012
1414281928
-31876094
1949095123
-13678754
140798818
17016382
1472903823
2141068
1821229002
38117218
316023352
68428834
1050164950
296984028
144909694
-2104908
807654898
1782773914
-17538128
61856212
181495458
228391822
463263732
169152202
1974445786
1198490011
430030659
-9716609
323539228
1366513083
294781678
1749266571
108596782
423902176
150091500
38245339
119132436
-1528769
44422587
104335131
480732996
109732347
-20116374
63854719
699704328
597190792
363466264
-12089778
588416394
123703702
153657883
105293539
1005107250
284139091
7119408
1078116511
9814075
29148996
1460575
370589404
-7681338
-15278804
100841107
730234578
124104214
1275771643
466183128
-1084244
33911971
290290144
156945162
561316908
168153906
1246469250
112767592
738443514
-6740712
398280988
18467086
91744246
592671256
367753026
1518077667
157147536
377715027
